------------------ 50 ------------------
------------------ 50 1 ------------------
------------------ 50 1 ------------------
------------------ 50 2 ------------------
------------------ 50 2 ------------------
------------------ 50 4 ------------------
------------------ 50 4 ------------------
------------------ 50 8 ------------------
------------------ 50 8 ------------------
------------------ 50 16 ------------------
------------------ 50 16 ------------------
------------------ 50 32 ------------------
------------------ 50 32 ------------------
------------------ 50 ------------------
------------------ 100 ------------------
------------------ 100 1 ------------------
------------------ 100 1 ------------------
------------------ 100 2 ------------------
------------------ 100 2 ------------------
------------------ 100 4 ------------------
------------------ 100 4 ------------------
------------------ 100 8 ------------------
------------------ 100 8 ------------------
------------------ 100 16 ------------------
------------------ 100 16 ------------------
------------------ 100 32 ------------------
------------------ 100 32 ------------------
------------------ 100 ------------------
------------------ 150 ------------------
------------------ 150 1 ------------------
------------------ 150 1 ------------------
------------------ 150 2 ------------------
------------------ 150 2 ------------------
------------------ 150 4 ------------------
------------------ 150 4 ------------------
------------------ 150 8 ------------------
------------------ 150 8 ------------------
------------------ 150 16 ------------------
------------------ 150 16 ------------------
------------------ 150 32 ------------------
------------------ 150 32 ------------------
------------------ 150 ------------------
------------------ 200 ------------------
------------------ 200 1 ------------------
------------------ 200 1 ------------------
------------------ 200 2 ------------------
------------------ 200 2 ------------------
------------------ 200 4 ------------------
------------------ 200 4 ------------------
------------------ 200 8 ------------------
------------------ 200 8 ------------------
------------------ 200 16 ------------------
------------------ 200 16 ------------------
------------------ 200 32 ------------------
------------------ 200 32 ------------------
------------------ 200 ------------------

[[28.42534080710379, 33.94112549695428, 26.832815729997478, 26.40075756488817, 28.30194339616981, 14.0, 17.804493814764857, 5.0990195135927845, 17.08800749063506, 33.94112549695428, 24.020824298928627, 24.331050121192877, 22.47220505424423, 23.021728866442675, 26.832815729997478, 33.94112549695428, 21.0, 24.331050121192877, 16.1245154965971, 14.317821063276353, 27.80287754891569, 18.973665961010276, 24.515301344262525, 17.804493814764857, 24.0, 31.89043743820395, 21.213203435596427, 24.08318915758459, 5.656854249492381, 13.601470508735444, 16.401219466856727, 26.832815729997478, 24.73863375370596, 15.297058540778355, 26.0, 26.40075756488817, 15.620499351813308, 24.020824298928627, 33.24154027718932, 20.024984394500787, 23.323807579381203, 23.323807579381203, 30.610455730027933, 7.211102550927978, 28.30194339616981, 9.433981132056603, 20.615528128088304, 23.0, 27.65863337187866, 26.0, 29.0, 25.495097567963924, 26.832815729997478, 25.632011235952593, 26.0, 24.041630560342615, 24.73863375370596, 26.40075756488817, 21.18962010041709, 22.090722034374522, 33.24154027718932, 18.439088914585774, 26.832815729997478, 33.94112549695428, 24.020824298928627, 24.186773244895647, 24.73863375370596, 31.89043743820395, 25.632011235952593, 14.0, 14.142135623730951, 20.09975124224178, 33.24154027718932, 23.0, 22.20360331117452, 26.0, 19.1049731745428, 27.784887978899608, 24.515301344262525, 17.88854381999832, 24.596747752497688, 30.610455730027933, 27.784887978899608, 23.021728866442675, 9.219544457292887, 11.40175425099138, 28.30194339616981, 6.324555320336759, 13.341664064126334, 21.0, 14.035668847618199, 17.11724276862369, 30.4138126514911, 25.298221281347036, 33.94112549695428, 27.784887978899608, 6.4031242374328485, 32.55764119219941, 20.248456731316587, 30.4138126514911], [25.0, 14.212670403551895, 26.832815729997478, 27.784887978899608, 25.632011235952593, 16.64331697709324, 33.94112549695428, 5.0, 33.94112549695428, 23.853720883753127, 18.24828759089466, 11.045361017187261, 20.591260281974, 33.94112549695428, 32.55764119219941, 24.186773244895647, 15.033296378372908, 22.847319317591726, 16.0, 26.40075756488817, 26.832815729997478, 10.295630140987, 31.89043743820395, 9.899494936611665, 28.844410203711913, 29.732137494637012, 25.495097567963924, 13.601470508735444, 27.294688127912362, 27.018512172212592, 26.40075756488817, 24.186773244895647, 14.035668847618199, 18.681541692269406, 33.94112549695428, 23.853720883753127, 8.06225774829855, 24.331050121192877, 26.92582403567252, 20.223748416156685, 25.079872407968907, 27.294688127912362, 27.784887978899608, 27.294688127912362, 29.410882339705484, 19.235384061671343, 26.0, 24.331050121192877, 33.94112549695428, 21.095023109728988, 26.076809620810597, 24.020824298928627, 24.186773244895647, 18.027756377319946, 28.30194339616981, 19.235384061671343, 24.73863375370596, 30.0, 23.769728648009426, 19.1049731745428, 25.079872407968907, 13.601470508735444, 30.610455730027933, 16.278820596099706, 17.204650534085253, 14.422205101855956, 26.832815729997478, 27.294688127912362, 23.021728866442675, 20.223748416156685, 17.0, 24.515301344262525, 24.186773244895647, 29.410882339705484, 33.24154027718932, 25.495097567963924, 25.632011235952593, 19.235384061671343, 9.219544457292887, 33.94112549695428, 6.0, 33.94112549695428, 22.20360331117452, 25.298221281347036, 24.0, 33.24154027718932, 25.0, 13.038404810405298, 24.08318915758459, 8.246211251235321, 31.240998703626616, 20.024984394500787, 28.844410203711913, 8.246211251235321, 25.0, 23.53720459187964, 17.26267650163207, 24.73863375370596, 20.615528128088304, 22.090722034374522], [18.681541692269406, 26.076809620810597, 24.515301344262525, 24.041630560342615, 17.26267650163207, 12.041594578792296, 4.123105625617661, 25.0, 9.486832980505138, 19.235384061671343, 25.632011235952593, 17.08800749063506, 25.298221281347036, 23.194827009486403, 25.0, 25.298221281347036, 23.08679276123039, 28.844410203711913, 11.180339887498949, 11.180339887498949, 23.08679276123039, 15.132745950421556, 27.784887978899608, 26.0, 29.068883707497267, 30.4138126514911, 25.632011235952593, 17.88854381999832, 28.844410203711913, 33.94112549695428, 19.4164878389476, 28.42534080710379, 31.89043743820395, 16.76305461424021, 15.231546211727817, 24.08318915758459, 33.94112549695428, 33.94112549695428, 24.0, 31.89043743820395, 8.602325267042627, 12.36931687685298, 22.80350850198276, 33.94112549695428, 18.439088914585774, 29.410882339705484, 17.88854381999832, 20.248456731316587, 18.681541692269406, 16.0312195418814, 25.632011235952593, 22.47220505424423, 30.0, 31.240998703626616, 23.08679276123039, 17.46424919657298, 28.844410203711913, 33.94112549695428, 29.732137494637012, 15.524174696260024, 25.632011235952593, 29.410882339705484, 8.94427190999916, 28.42534080710379, 33.94112549695428, 24.331050121192877, 30.0, 31.144823004794873, 20.615528128088304, 26.0, 33.94112549695428, 24.331050121192877, 24.698178070456937, 33.94112549695428, 33.24154027718932, 11.180339887498949, 33.94112549695428, 21.095023109728988, 24.331050121192877, 26.92582403567252, 16.76305461424021, 27.784887978899608, 25.0, 16.0312195418814, 20.8806130178211, 33.94112549695428, 30.0, 20.518284528683193, 20.396078054371138, 16.278820596099706, 24.515301344262525, 28.0178514522438, 23.194827009486403, 27.459060435491963, 24.515301344262525, 13.416407864998739, 3.605551275463989, 24.186773244895647, 32.55764119219941, 26.0], [18.110770276274835, 26.40075756488817, 9.433981132056603, 23.600847442411894, 23.769728648009426, 19.1049731745428, 18.110770276274835, 18.439088914585774, 14.7648230602334, 27.294688127912362, 18.681541692269406, 20.615528128088304, 33.24154027718932, 21.095023109728988, 32.55764119219941, 27.018512172212592, 28.42534080710379, 33.24154027718932, 16.1245154965971, 26.40075756488817, 26.40075756488817, 32.55764119219941, 17.46424919657298, 29.410882339705484, 33.94112549695428, 19.6468827043885, 28.30194339616981, 23.08679276123039, 30.610455730027933, 26.40075756488817, 25.495097567963924, 24.186773244895647, 24.331050121192877, 31.89043743820395, 14.7648230602334, 26.40075756488817, 33.94112549695428, 11.40175425099138, 26.419689627245813, 24.331050121192877, 24.73863375370596, 11.045361017187261, 24.73863375370596, 24.08318915758459, 18.110770276274835, 25.632011235952593, 18.110770276274835, 28.844410203711913, 12.649110640673518, 15.0, 28.844410203711913, 25.0, 16.1245154965971, 19.4164878389476, 13.038404810405298, 23.40939982143925, 25.0, 4.47213595499958, 33.94112549695428, 31.240998703626616, 19.313207915827967, 25.80697580112788, 29.410882339705484, 13.601470508735444, 23.40939982143925, 13.152946437965905, 25.298221281347036, 28.844410203711913, 27.65863337187866, 30.610455730027933, 4.47213595499958, 19.235384061671343, 25.298221281347036, 27.784887978899608, 31.240998703626616, 27.018512172212592, 23.0, 27.65863337187866, 24.186773244895647, 6.324555320336759, 24.186773244895647, 22.825424421026653, 32.55764119219941, 26.627053911388696, 27.294688127912362, 25.0, 19.235384061671343, 25.238858928247925, 24.186773244895647, 28.600699292150182, 17.204650534085253, 28.42534080710379, 13.152946437965905, 20.248456731316587, 30.610455730027933, 15.0, 21.095023109728988, 17.11724276862369, 24.515301344262525, 24.515301344262525], [26.0, 16.64331697709324, 12.041594578792296, 17.72004514666935, 24.08318915758459, 25.0, 9.848857801796104, 20.09975124224178, 26.832815729997478, 23.021728866442675, 14.422205101855956, 20.223748416156685, 18.110770276274835, 2.23606797749979, 26.0, 28.42534080710379, 24.20743687382041, 31.89043743820395, 31.89043743820395, 15.811388300841896, 25.632011235952593, 28.42534080710379, 25.059928172283335, 26.40075756488817, 4.47213595499958, 25.80697580112788, 8.06225774829855, 33.94112549695428, 29.410882339705484, 31.240998703626616, 28.844410203711913, 31.240998703626616, 12.649110640673518, 19.1049731745428, 30.610455730027933, 24.515301344262525, 24.515301344262525, 21.0, 33.94112549695428, 24.331050121192877, 26.832815729997478, 14.560219778561036, 14.866068747318506, 25.495097567963924, 27.294688127912362, 16.97056274847714, 16.0312195418814, 20.8806130178211, 21.540659228538015, 28.844410203711913, 8.246211251235321, 29.206163733020468, 26.0, 31.89043743820395, 6.082762530298219, 22.20360331117452, 15.297058540778355, 31.240998703626616, 26.627053911388696, 14.142135623730951, 13.601470508735444, 24.331050121192877, 21.095023109728988, 24.186773244895647, 17.4928556845359, 31.240998703626616, 27.294688127912362, 27.784887978899608, 17.029386365926403, 32.55764119219941, 26.0, 15.132745950421556, 8.246211251235321, 30.0, 24.08318915758459, 22.02271554554524, 23.40939982143925, 13.152946437965905, 26.0, 33.24154027718932, 31.89043743820395, 4.47213595499958, 12.649110640673518, 33.94112549695428, 25.0, 21.02379604162864, 18.027756377319946, 13.601470508735444, 27.65863337187866, 25.632011235952593, 30.4138126514911, 24.186773244895647, 23.021728866442675, 4.123105625617661, 24.331050121192877, 33.24154027718932, 13.038404810405298, 33.94112549695428, 24.73863375370596, 27.65863337187866], [27.202941017470888, 27.294688127912362, 28.844410203711913, 21.540659228538015, 32.55764119219941, 12.806248474865697, 31.240998703626616, 27.294688127912362, 33.24154027718932, 25.0, 9.219544457292887, 33.24154027718932, 24.515301344262525, 26.419689627245813, 30.610455730027933, 17.08800749063506, 19.849433241279208, 32.55764119219941, 10.63014581273465, 11.180339887498949, 26.419689627245813, 25.632011235952593, 10.0, 20.808652046684813, 24.331050121192877, 19.849433241279208, 26.0, 6.324555320336759, 26.0, 7.0, 27.784887978899608, 24.331050121192877, 23.345235059857504, 32.55764119219941, 23.08679276123039, 28.0178514522438, 22.02271554554524, 19.026297590440446, 17.4928556845359, 31.89043743820395, 30.0, 25.298221281347036, 26.40075756488817, 21.18962010041709, 31.240998703626616, 33.24154027718932, 16.1245154965971, 9.486832980505138, 7.615773105863909, 29.832867780352597, 13.152946437965905, 27.294688127912362, 25.298221281347036, 26.832815729997478, 25.298221281347036, 14.317821063276353, 29.832867780352597, 27.294688127912362, 17.804493814764857, 28.844410203711913, 13.601470508735444, 30.479501308256342, 18.110770276274835, 28.844410203711913, 25.0, 26.832815729997478, 8.06225774829855, 31.240998703626616, 28.844410203711913, 11.313708498984761, 22.80350850198276, 24.698178070456937, 25.0, 16.1245154965971, 25.942243542145693, 27.294688127912362, 33.94112549695428, 25.632011235952593, 11.180339887498949, 25.632011235952593, 13.341664064126334, 25.632011235952593, 31.144823004794873, 31.240998703626616, 24.73863375370596, 25.0, 27.80287754891569, 24.351591323771842, 33.94112549695428, 21.213203435596427, 26.832815729997478, 25.612496949731394, 29.832867780352597, 21.095023109728988, 17.11724276862369, 6.082762530298219, 24.08318915758459, 32.55764119219941, 13.416407864998739, 29.832867780352597]]


[[51.54609587543949, 67.89698078707183, 10.198039027185569, 49.09175083453431, 43.18564576337837, 52.55473337388365, 26.92582403567252, 32.01562118716424, 12.649110640673518, 50.44799302251776, 46.14108798023731, 38.118237105091836, 50.00999900019995, 23.194827009486403, 25.495097567963924, 42.190046219457976, 20.223748416156685, 52.630789467763066, 54.56189146281496, 34.438350715445125, 22.135943621178654, 51.86520991955976, 36.124783736376884, 40.11234224026316, 26.019223662515376, 29.068883707497267, 5.385164807134504, 8.06225774829855, 46.87216658103186, 31.016124838541646, 19.924858845171276, 40.01249804748511, 32.55764119219941, 27.202941017470888, 50.21951811795888, 40.0, 44.10215414239989, 34.23448553724738, 20.248456731316587, 34.0147027033899, 46.32493928760188, 49.64876634922564, 14.7648230602334, 25.179356624028344, 62.369864518050704, 49.49747468305833, 49.8196748283246, 55.97320787662612, 8.06225774829855, 51.24451190127583, 50.695167422546305, 34.48187929913333, 25.059928172283335, 50.44799302251776, 23.430749027719962, 32.802438933713454, 27.51363298439521, 50.32891812864648, 3.1622776601683795, 50.00999900019995, 30.0, 13.601470508735444, 14.317821063276353, 25.553864678361276, 17.46424919657298, 50.21951811795888, 7.0710678118654755, 49.8196748283246, 51.264022471905186, 23.194827009486403, 65.19202405202648, 54.56189146281496, 17.11724276862369, 16.1245154965971, 46.17358552246078, 38.600518131237564, 55.47071299343465, 9.0, 27.16615541441225, 47.38143096192854, 50.96076922496363, 31.240998703626616, 50.566787519082126, 22.847319317591726, 46.09772228646444, 24.08318915758459, 32.38826948140329, 49.16299421312742, 21.587033144922902, 15.033296378372908, 31.016124838541646, 30.066592756745816, 63.89053137985315, 44.9221548904324, 41.0, 22.47220505424423, 54.405882034941776, 41.10960958218893, 11.180339887498949, 31.0], [36.71511950137164, 54.56189146281496, 52.92447448959697, 61.40032573203501, 17.46424919657298, 37.8549864614954, 9.219544457292887, 16.0312195418814, 34.23448553724738, 29.410882339705484, 60.802960454241045, 39.20459156782532, 24.73863375370596, 21.02379604162864, 30.066592756745816, 56.938563381947034, 44.04543109109048, 48.16637831516918, 55.21775076911409, 44.01136216933077, 42.579337712087536, 12.083045973594572, 41.19465984809196, 50.96076922496363, 33.24154027718932, 65.85590330410783, 27.018512172212592, 60.8276253029822, 27.294688127912362, 50.695167422546305, 44.04543109109048, 27.65863337187866, 25.238858928247925, 41.97618372363071, 49.36598018878993, 21.213203435596427, 37.12142238654117, 31.0, 12.041594578792296, 49.16299421312742, 33.24154027718932, 23.853720883753127, 27.294688127912362, 34.132096331752024, 19.72308292331602, 37.12142238654117, 43.657759905886145, 50.44799302251776, 12.36931687685298, 68.59300255857006, 35.05709628591621, 49.03060268852505, 17.0, 51.86520991955976, 40.049968789001575, 49.64876634922564, 50.695167422546305, 25.709920264364882, 34.058772731852805, 63.12685640834652, 46.04345773288535, 46.95742752749558, 41.30375285612676, 27.018512172212592, 26.076809620810597, 44.01136216933077, 49.040799340956916, 22.20360331117452, 41.048751503547585, 20.09975124224178, 54.644304369257, 60.21627686929839, 34.828149534535996, 45.27692569068709, 40.85339643163099, 45.27692569068709, 69.29646455628166, 43.93176527297759, 59.665735560705194, 39.20459156782532, 36.0, 32.0624390837628, 27.892651361962706, 49.658836071740545, 56.4003546088143, 29.068883707497267, 22.02271554554524, 53.009433122794285, 32.89376840679705, 67.89698078707183, 15.264337522473747, 21.02379604162864, 39.0, 28.071337695236398, 53.71219600798314, 49.49747468305833, 31.25699921617557, 20.024984394500787, 8.06225774829855, 51.86520991955976], [48.0, 48.83646178829912, 34.713109915419565, 50.47771785649585, 10.770329614269007, 46.389654018972806, 26.076809620810597, 16.0312195418814, 17.204650534085253, 46.52956049652737, 25.079872407968907, 49.16299421312742, 46.95742752749558, 27.459060435491963, 36.49657518178932, 23.853720883753127, 20.615528128088304, 34.0147027033899, 47.16990566028302, 29.017236257093817, 26.1725046566048, 27.65863337187866, 49.040799340956916, 51.62363799656123, 31.144823004794873, 15.0, 23.345235059857504, 51.54609587543949, 50.96076922496363, 49.49747468305833, 35.22782990761707, 52.15361924162119, 67.17886572427373, 29.427877939124322, 20.808652046684813, 22.47220505424423, 12.36931687685298, 27.313000567495326, 53.31041174104736, 56.43580423808985, 49.25444142409901, 34.0147027033899, 34.20526275297414, 42.579337712087536, 63.89053137985315, 61.40032573203501, 11.180339887498949, 15.524174696260024, 15.132745950421556, 48.041648597857254, 44.01136216933077, 27.65863337187866, 39.01281840626232, 62.22539674441618, 36.013886210738214, 27.313000567495326, 26.92582403567252, 31.064449134018133, 56.938563381947034, 49.64876634922564, 41.012193308819754, 30.265491900843113, 41.97618372363071, 50.44799302251776, 48.84669896727925, 22.360679774997898, 41.773197148410844, 9.055385138137417, 22.825424421026653, 27.16615541441225, 50.21951811795888, 41.677331968349414, 47.75981574503821, 24.08318915758459, 18.027756377319946, 14.866068747318506, 64.53681120105021, 48.83646178829912, 29.068883707497267, 46.52956049652737, 28.635642126552707, 37.33630940518894, 26.476404589747453, 50.44799302251776, 46.09772228646444, 37.013511046643494, 36.013886210738214, 24.413111231467404, 51.264022471905186, 47.01063709417264, 49.49747468305833, 46.84015371452148, 52.20153254455275, 31.144823004794873, 43.68065933568311, 44.181444068749045, 46.09772228646444, 5.385164807134504, 50.00999900019995, 50.00999900019995], [47.01063709417264, 30.364452901377952, 17.029386365926403, 16.278820596099706, 31.622776601683793, 41.677331968349414, 49.8196748283246, 67.89698078707183, 23.194827009486403, 50.00999900019995, 43.56604182158393, 18.027756377319946, 35.12833614050059, 49.09175083453431, 39.05124837953327, 34.438350715445125, 50.00999900019995, 36.124783736376884, 38.0, 60.21627686929839, 19.4164878389476, 30.066592756745816, 65.19202405202648, 22.090722034374522, 49.25444142409901, 16.64331697709324, 25.079872407968907, 41.23105625617661, 58.249463516842795, 33.37663853655727, 27.459060435491963, 30.364452901377952, 49.040799340956916, 44.01136216933077, 32.0624390837628, 33.421549934136806, 36.124783736376884, 49.09175083453431, 43.60045871318328, 20.808652046684813, 14.035668847618199, 43.18564576337837, 21.095023109728988, 37.05401462729781, 49.09175083453431, 50.0, 56.43580423808985, 24.515301344262525, 21.633307652783937, 53.31041174104736, 67.89698078707183, 22.090722034374522, 4.0, 12.165525060596439, 19.209372712298546, 50.44799302251776, 29.206163733020468, 49.09175083453431, 63.25345840347388, 44.0, 49.64876634922564, 19.4164878389476, 32.69556544854363, 40.11234224026316, 34.539832078341085, 50.96076922496363, 36.05551275463989, 49.36598018878993, 11.40175425099138, 37.48332962798263, 51.24451190127583, 25.317977802344327, 17.11724276862369, 30.083217912982647, 49.193495504995376, 32.449961479175904, 18.24828759089466, 52.20153254455275, 51.54609587543949, 25.179356624028344, 40.049968789001575, 38.01315561749642, 22.561028345356956, 7.810249675906654, 49.49747468305833, 60.21627686929839, 51.54609587543949, 43.104524124504614, 42.2965719651132, 35.90264614203248, 25.079872407968907, 42.43819034784589, 12.041594578792296, 60.21627686929839, 51.264022471905186, 34.36568055487916, 55.47071299343465, 42.04759208325728, 60.802960454241045, 27.202941017470888], [30.364452901377952, 16.1245154965971, 49.16299421312742, 55.00909015790027, 38.2099463490856, 31.064449134018133, 31.016124838541646, 49.39635614091387, 53.23532661682466, 50.21951811795888, 6.4031242374328485, 32.14031735997639, 61.5223536610881, 43.73785545725808, 19.0, 52.55473337388365, 16.278820596099706, 17.88854381999832, 50.44799302251776, 49.49747468305833, 53.71219600798314, 51.54609587543949, 37.013511046643494, 49.01020301937138, 15.297058540778355, 20.0, 55.00909015790027, 13.92838827718412, 30.59411708155671, 51.24451190127583, 15.033296378372908, 51.86520991955976, 49.64876634922564, 56.938563381947034, 8.602325267042627, 23.194827009486403, 50.96076922496363, 6.0, 49.64876634922564, 55.47071299343465, 16.0312195418814, 49.16299421312742, 47.75981574503821, 44.28317965096906, 35.510561809129406, 23.194827009486403, 21.02379604162864, 51.24451190127583, 49.09175083453431, 41.43669871020132, 55.47071299343465, 35.90264614203248, 24.351591323771842, 20.12461179749811, 49.16299421312742, 38.47076812334269, 35.22782990761707, 53.2634959423431, 51.22499389946279, 50.21951811795888, 48.25971404805462, 40.496913462633174, 62.625873247404705, 49.16299421312742, 32.449961479175904, 49.25444142409901, 9.848857801796104, 20.808652046684813, 42.190046219457976, 31.144823004794873, 42.05948168962618, 36.76955262170047, 52.20153254455275, 49.25444142409901, 36.87817782917155, 61.220911460055866, 43.56604182158393, 45.27692569068709, 35.05709628591621, 30.01666203960727, 47.095647357266465, 48.25971404805462, 20.09975124224178, 52.55473337388365, 32.38826948140329, 35.84689665786984, 57.3149195236284, 12.041594578792296, 19.924858845171276, 33.54101966249684, 35.84689665786984, 53.03772242470448, 25.612496949731394, 49.64876634922564, 41.048751503547585, 53.71219600798314, 49.16299421312742, 26.1725046566048, 51.86520991955976, 33.54101966249684], [44.181444068749045, 34.48187929913333, 24.331050121192877, 49.040799340956916, 50.96076922496363, 44.04543109109048, 24.331050121192877, 48.507731342539614, 62.00806399170998, 47.265209192385896, 32.7566787083184, 47.38143096192854, 46.0, 21.213203435596427, 48.60041152089147, 49.09175083453431, 15.297058540778355, 29.068883707497267, 15.297058540778355, 69.29646455628166, 15.132745950421556, 69.29646455628166, 41.012193308819754, 29.017236257093817, 57.982756057296896, 56.302753041036986, 27.073972741361768, 9.486832980505138, 39.66106403010388, 34.0147027033899, 43.68065933568311, 50.695167422546305, 38.05259518088089, 16.1245154965971, 49.47726750741192, 56.43580423808985, 27.202941017470888, 22.47220505424423, 67.89698078707183, 47.01063709417264, 13.152946437965905, 47.16990566028302, 31.25699921617557, 50.00999900019995, 49.09175083453431, 12.649110640673518, 44.40720662234904, 41.048751503547585, 44.01136216933077, 31.622776601683793, 54.120236510939236, 26.40075756488817, 38.8329756778952, 22.360679774997898, 31.304951684997057, 15.231546211727817, 42.95346318982906, 43.01162633521314, 34.20526275297414, 11.180339887498949, 41.10960958218893, 24.020824298928627, 24.041630560342615, 50.00999900019995, 54.589376255824725, 39.395431207184416, 19.4164878389476, 39.319206502675, 55.00909015790027, 6.324555320336759, 13.152946437965905, 24.596747752497688, 40.11234224026316, 42.95346318982906, 27.018512172212592, 53.71219600798314, 44.01136216933077, 56.43580423808985, 36.138621999185304, 50.695167422546305, 31.32091952673165, 47.53945729601885, 13.0, 15.811388300841896, 44.68780594300866, 49.36598018878993, 46.52956049652737, 49.8196748283246, 35.12833614050059, 49.49747468305833, 28.0178514522438, 51.54609587543949, 25.179356624028344, 12.0, 48.662100242385755, 24.08318915758459, 45.48626166217664, 49.09175083453431, 49.64876634922564, 37.21558813185679]]


[[69.06518659932803, 28.178005607210743, 29.120439557122072, 49.09175083453431, 74.06078584514209, 74.33034373659252, 41.0, 71.06335201775947, 17.46424919657298, 51.0098029794274, 74.67261881037788, 42.15447781671598, 19.697715603592208, 40.024992192379, 53.2634959423431, 19.697715603592208, 66.2872536767062, 65.0, 25.0, 74.33034373659252, 33.0, 66.75327707311455, 30.886890422961002, 72.89718787443039, 79.47955712005447, 75.92759709091287, 45.35416188179427, 12.649110640673518, 37.107950630558946, 49.24428900898052, 21.93171219946131, 79.12016177940993, 56.22277118748239, 31.38470965295043, 74.96665925596525, 26.476404589747453, 18.439088914585774, 46.17358552246078, 74.72616676907762, 42.720018726587654, 61.85466837676846, 64.19501538281614, 38.118237105091836, 62.39390995922599, 46.32493928760188, 7.280109889280518, 58.60034129593445, 7.211102550927978, 87.66413177577246, 45.0, 63.387695966961914, 74.02702209328699, 66.24198064671678, 13.0, 41.97618372363071, 44.94441010848846, 75.17978451685, 40.19950248448356, 65.76473218982953, 84.11896337925236, 7.280109889280518, 49.24428900898052, 5.0990195135927845, 57.07889277132134, 73.17103251970687, 6.708203932499369, 91.60785992479029, 51.62363799656123, 61.18823416311342, 41.593268686170845, 74.81310045707235, 28.792360097775937, 5.830951894845301, 75.7099729229908, 64.07027391856539, 57.584720195551874, 43.41658669218482, 30.14962686336267, 68.42514157822401, 55.036351623268054, 73.55270219373317, 37.0, 50.0, 34.17601498127012, 74.46475676452586, 39.0, 14.866068747318506, 20.09975124224178, 32.2490309931942, 79.47955712005447, 59.033888572581766, 59.405386961116584, 7.615773105863909, 66.18912297349165, 80.45495634204272, 85.0881895447306, 27.0, 56.00892785976178, 31.76476034853718, 36.68787265568828], [57.14017850864661, 43.56604182158393, 43.18564576337837, 18.973665961010276, 74.67261881037788, 71.06335201775947, 33.24154027718932, 45.70557952810576, 83.64807230295268, 41.0, 14.317821063276353, 25.553864678361276, 38.07886552931954, 41.43669871020132, 27.80287754891569, 24.413111231467404, 22.02271554554524, 65.00769185258002, 75.7099729229908, 74.10802925459562, 65.30696746902278, 74.81310045707235, 78.43468620451031, 68.65857557508748, 51.0, 75.27283706623525, 74.02702209328699, 16.1245154965971, 74.67261881037788, 55.00909015790027, 45.89117562233506, 8.06225774829855, 49.040799340956916, 18.110770276274835, 75.92759709091287, 83.18653737234169, 52.3450093132096, 64.07027391856539, 13.601470508735444, 81.43709228600933, 7.615773105863909, 55.21775076911409, 49.39635614091387, 74.02702209328699, 39.05124837953327, 71.17583859709698, 27.65863337187866, 74.02702209328699, 69.0, 43.0, 66.03029607687671, 14.035668847618199, 79.92496481075234, 24.08318915758459, 55.731499172371095, 17.0, 34.92849839314596, 62.16912416947821, 22.0, 49.040799340956916, 56.0357029044876, 61.465437442517235, 24.758836806279895, 4.0, 64.13267497929586, 76.55063683601855, 48.507731342539614, 88.75246475450696, 33.421549934136806, 54.20332093147061, 76.15773105863909, 82.29216244576394, 73.24616030891995, 31.144823004794873, 84.59905436823747, 55.362442142665635, 90.4267659490264, 6.082762530298219, 77.79460135510689, 75.92759709091287, 67.00746227100382, 76.55063683601855, 6.4031242374328485, 74.81310045707235, 33.24154027718932, 53.75872022286245, 41.593268686170845, 23.430749027719962, 74.43117626371358, 35.17101079013795, 74.02702209328699, 19.4164878389476, 29.546573405388315, 75.13321502504735, 19.4164878389476, 36.138621999185304, 47.16990566028302, 48.507731342539614, 64.53681120105021, 57.07889277132134], [38.05259518088089, 26.248809496813376, 61.84658438426491, 16.15549442140351, 74.33034373659252, 60.00833275470999, 54.037024344425184, 71.25307010929424, 14.866068747318506, 14.212670403551895, 81.43709228600933, 25.079872407968907, 78.43468620451031, 34.785054261852174, 17.029386365926403, 69.35416353759881, 74.06078584514209, 55.226805085936306, 69.42621983083913, 71.11258679024411, 30.265491900843113, 47.0, 18.35755975068582, 73.00684899377592, 76.6550715869472, 6.082762530298219, 31.78049716414141, 74.33034373659252, 74.43117626371358, 72.03471385380801, 39.35733730830886, 74.96665925596525, 64.19501538281614, 36.05551275463989, 66.30987860040162, 47.265209192385896, 10.0, 34.785054261852174, 104.65180361560904, 75.50496672405067, 23.259406699226016, 45.60701700396552, 74.81310045707235, 52.20153254455275, 75.31268153505093, 73.05477397131553, 7.0710678118654755, 27.51363298439521, 17.804493814764857, 45.0, 46.17358552246078, 34.48187929913333, 31.575306807693888, 31.064449134018133, 39.45883931389772, 65.27633568147036, 64.03124237432849, 31.38470965295043, 26.019223662515376, 59.30430001273095, 39.81205847478876, 65.03076195155643, 12.806248474865697, 32.14031735997639, 39.11521443121589, 51.15662224971465, 61.61168720299745, 89.05054744357274, 60.207972893961475, 50.24937810560445, 40.162171256046406, 54.037024344425184, 25.96150997149434, 67.26812023536856, 54.00925846556311, 44.0, 74.06078584514209, 84.59905436823747, 52.20153254455275, 98.49365461794989, 79.12016177940993, 40.049968789001575, 74.81310045707235, 39.11521443121589, 46.52956049652737, 78.29431652425353, 40.024992192379, 55.036351623268054, 42.05948168962618, 74.16872656315464, 20.09975124224178, 84.11896337925236, 20.615528128088304, 15.0, 29.206163733020468, 50.20956084253277, 52.3450093132096, 45.0, 68.59300255857006, 74.54528824815154], [74.43117626371358, 66.06814663663572, 29.017236257093817, 53.03772242470448, 35.22782990761707, 63.245553203367585, 48.373546489791295, 11.0, 74.02702209328699, 68.0294054067798, 50.21951811795888, 67.4166151627327, 37.013511046643494, 54.230987451824994, 58.008620049092706, 31.304951684997057, 75.43208866258443, 19.0, 56.639209034025185, 22.135943621178654, 21.095023109728988, 72.17340230306452, 28.42534080710379, 74.10802925459562, 57.42821606144492, 51.66236541235796, 74.81310045707235, 26.019223662515376, 47.50789408087881, 69.42621983083913, 27.65863337187866, 54.08326913195984, 56.0357029044876, 74.96665925596525, 13.601470508735444, 73.10950690573696, 32.0624390837628, 57.723478758647246, 36.124783736376884, 40.26164427839479, 62.07253821135398, 36.24913792078372, 29.68164415931166, 11.0, 77.4919350642375, 49.01020301937138, 43.56604182158393, 80.49844718999243, 50.08991914547278, 55.326304774492215, 62.07253821135398, 23.021728866442675, 74.96665925596525, 31.906112267087632, 35.510561809129406, 51.088159097779204, 61.00819617067857, 80.1311425102625, 68.73136110975832, 83.40863264674707, 73.06161783043132, 8.246211251235321, 13.601470508735444, 37.107950630558946, 9.219544457292887, 65.06919393998976, 18.973665961010276, 45.17742799230607, 56.515484603779164, 38.01315561749642, 32.0624390837628, 22.360679774997898, 75.7099729229908, 27.459060435491963, 39.56008088970496, 20.615528128088304, 6.4031242374328485, 39.698866482558415, 43.104524124504614, 50.695167422546305, 14.317821063276353, 12.36931687685298, 48.16637831516918, 17.08800749063506, 67.36467917239716, 58.008620049092706, 65.06919393998976, 75.50496672405067, 32.2490309931942, 28.635642126552707, 63.324560795950255, 66.2872536767062, 65.79513659838392, 74.43117626371358, 39.21734310225516, 96.54014708917737, 27.51363298439521, 45.17742799230607, 79.47955712005447, 37.013511046643494], [21.095023109728988, 60.41522986797286, 31.827660925679098, 74.54528824815154, 35.014282800023196, 69.40461079784254, 17.72004514666935, 74.10802925459562, 23.345235059857504, 67.0, 38.47076812334269, 59.90826320300064, 26.30589287593181, 36.013886210738214, 44.64302857109943, 80.95060222135473, 78.43468620451031, 71.00704190430693, 32.7566787083184, 54.147945482723536, 74.67261881037788, 89.87213138676528, 73.79024325749306, 34.713109915419565, 72.47068372797375, 58.69412236331676, 74.10802925459562, 16.278820596099706, 57.30619512757761, 36.71511950137164, 62.80127387243033, 72.34638899074369, 21.02379604162864, 63.0317380372777, 65.12296062065974, 63.00793600809346, 75.50496672405067, 75.50496672405067, 33.24154027718932, 20.248456731316587, 74.10802925459562, 42.95346318982906, 31.25699921617557, 13.0, 5.385164807134504, 63.56099432828282, 74.96665925596525, 44.598206241955516, 49.72926703662542, 78.03204469959762, 70.34912934784623, 101.86265262597475, 89.87213138676528, 71.11258679024411, 42.05948168962618, 14.212670403551895, 71.84010022264724, 74.67261881037788, 19.026297590440446, 74.81310045707235, 46.389654018972806, 25.0, 18.973665961010276, 35.608987629529715, 40.792156108742276, 22.80350850198276, 44.04543109109048, 81.98780397107853, 75.92759709091287, 48.0, 64.76109943476871, 25.709920264364882, 67.00746227100382, 67.06713054842886, 60.03332407921454, 35.22782990761707, 18.110770276274835, 69.57010852370435, 20.518284528683193, 52.03844732503075, 61.032778078668514, 43.04648650006177, 74.02702209328699, 33.54101966249684, 65.00769185258002, 45.70557952810576, 67.02984409947557, 81.41252974819048, 61.00819617067857, 69.63476143421474, 49.36598018878993, 85.0881895447306, 53.009433122794285, 26.40075756488817, 77.20103626247513, 18.110770276274835, 18.027756377319946, 44.40720662234904, 70.02856560004639, 54.817880294662984], [58.52349955359813, 59.033888572581766, 76.40026177965623, 27.202941017470888, 58.69412236331676, 41.0, 71.19691004531025, 25.079872407968907, 46.010868281309364, 45.09988913511872, 47.51841748206689, 88.75246475450696, 78.77182237323191, 63.56099432828282, 48.25971404805462, 74.54528824815154, 63.13477647065839, 37.21558813185679, 69.18092222571191, 49.64876634922564, 45.12205669071391, 60.959002616512684, 8.94427190999916, 29.614185789921695, 94.92101980067429, 14.212670403551895, 56.00892785976178, 20.0, 75.92759709091287, 32.7566787083184, 78.10889834071403, 40.01249804748511, 49.64876634922564, 42.1070065428546, 61.032778078668514, 80.62257748298549, 41.593268686170845, 12.083045973594572, 47.38143096192854, 75.50496672405067, 12.649110640673518, 56.302753041036986, 39.05124837953327, 21.095023109728988, 78.10889834071403, 5.0, 37.0, 77.25283166331187, 19.209372712298546, 69.06518659932803, 63.788713735268246, 50.00999900019995, 55.14526271584895, 69.83552104767315, 61.00819617067857, 40.311288741492746, 16.1245154965971, 11.704699910719626, 60.13318551349163, 79.61155694998057, 73.10950690573696, 64.13267497929586, 22.561028345356956, 41.19465984809196, 49.36598018878993, 29.732137494637012, 67.00746227100382, 47.01063709417264, 60.03332407921454, 74.33034373659252, 74.81310045707235, 34.36568055487916, 45.5411901469428, 66.84309986827361, 50.35871324805669, 74.43117626371358, 55.731499172371095, 75.7099729229908, 50.32891812864648, 54.45181356024793, 62.369864518050704, 25.079872407968907, 77.20103626247513, 69.00724599634447, 39.408120990476064, 74.67261881037788, 74.24284477308234, 74.67261881037788, 67.1863081289633, 103.9471019317037, 53.600373133029585, 32.2490309931942, 76.6550715869472, 76.40026177965623, 34.36568055487916, 11.40175425099138, 45.39823785126467, 84.59905436823747, 33.37663853655727, 69.00724599634447]]


[[58.077534382926416, 60.63827174318213, 95.08417323613851, 82.09750300709517, 99.98499887483122, 13.341664064126334, 27.202941017470888, 99.08077512817509, 72.11102550927978, 76.68767828015137, 81.0, 99.50376877284599, 86.83317338436964, 100.62305898749054, 11.045361017187261, 36.05551275463989, 44.553338819890925, 30.01666203960727, 99.24716620639605, 84.0535543567314, 98.35141076771599, 46.400431032480725, 43.68065933568311, 82.00609733428362, 55.08175741568164, 87.28115489611719, 24.020824298928627, 67.17886572427373, 33.13608305156178, 71.02816342831905, 15.132745950421556, 87.09190547921202, 3.605551275463989, 19.697715603592208, 109.59014554237986, 99.04544411531506, 71.17583859709698, 27.85677655436824, 71.386273190299, 49.33558553417604, 77.52418977325722, 21.633307652783937, 40.19950248448356, 92.04890004774636, 8.246211251235321, 37.05401462729781, 62.12889826803627, 38.62641583165593, 87.28115489611719, 21.213203435596427, 86.00581375697809, 67.54257916307313, 23.53720459187964, 51.0098029794274, 51.0, 50.039984012787215, 86.7294644281861, 30.066592756745816, 91.41115905621152, 102.61578825892242, 44.64302857109943, 26.570660511172846, 48.16637831516918, 26.019223662515376, 27.018512172212592, 41.0, 100.62305898749054, 50.039984012787215, 99.02019995940222, 25.96150997149434, 22.561028345356956, 88.02272433866155, 99.60923651951158, 89.02246907382428, 21.095023109728988, 66.75327707311455, 17.029386365926403, 57.21887800367987, 81.09870529176159, 52.3450093132096, 71.06335201775947, 44.10215414239989, 50.00999900019995, 33.83784863137726, 57.3149195236284, 91.0494371207203, 38.27531841800928, 39.05124837953327, 3.0, 57.21887800367987, 99.18165152889924, 68.46897107449476, 62.03224967708329, 30.59411708155671, 71.17583859709698, 64.0, 22.090722034374522, 84.02380615040002, 11.045361017187261, 61.0], [16.0312195418814, 99.60923651951158, 49.92995093127971, 82.0, 52.43090691567332, 99.98499887483122, 95.02105029939419, 79.30952023559341, 31.016124838541646, 71.06335201775947, 56.00892785976178, 90.93404203047393, 33.015148038438355, 96.00520819205592, 97.51410154434076, 18.867962264113206, 87.32124598286491, 57.8013840664737, 41.23105625617661, 79.05694150420949, 92.0869154657707, 19.026297590440446, 109.59014554237986, 68.0294054067798, 18.027756377319946, 103.16006979447037, 28.178005607210743, 76.69419795525604, 57.28001396647874, 23.53720459187964, 48.010415536631214, 85.0235261559999, 52.15361924162119, 99.04544411531506, 90.00555538409837, 51.0, 30.01666203960727, 35.05709628591621, 89.88882021697692, 28.635642126552707, 72.3394774656273, 99.02019995940222, 37.12142238654117, 87.02298546935747, 70.25667228100119, 100.2845950283492, 39.01281840626232, 71.02816342831905, 96.56603957913983, 75.69015788066504, 93.91485505499116, 63.90618123468183, 40.44749683231337, 48.25971404805462, 55.0, 66.03029607687671, 45.221676218380054, 41.7612260356422, 100.42410069301094, 76.68767828015137, 54.037024344425184, 48.662100242385755, 99.04544411531506, 101.6366075781753, 32.2490309931942, 55.036351623268054, 27.018512172212592, 21.095023109728988, 81.09870529176159, 57.0350769263968, 66.007575322837, 23.345235059857504, 58.0, 53.33854141237835, 64.28063471995279, 60.00833275470999, 52.80151512977634, 92.0, 82.03657720797473, 102.88342918079665, 108.2081327812286, 71.84010022264724, 99.18165152889924, 101.41498903022176, 56.568542494923804, 41.23105625617661, 96.1041102138717, 25.495097567963924, 99.46356116689167, 100.80674580602232, 100.2845950283492, 40.70626487409524, 35.510561809129406, 101.41498903022176, 28.160255680657446, 108.33743581975715, 104.04326023342406, 116.81181447096864, 99.02019995940222, 96.00520819205592], [82.21921916437786, 52.20153254455275, 109.65856099730654, 36.05551275463989, 84.09518416651456, 66.70832032063167, 61.587336360651285, 95.08417323613851, 73.24616030891995, 43.278170016764804, 43.56604182158393, 22.67156809750927, 62.0, 82.38931969618392, 68.00735254367721, 39.293765408777, 22.847319317591726, 25.612496949731394, 71.06335201775947, 39.84971769034255, 83.05419917138447, 24.186773244895647, 95.25754563287887, 98.00510190801293, 51.66236541235796, 99.04544411531506, 65.80273550544841, 20.396078054371138, 99.84988733093293, 42.01190307520001, 56.0357029044876, 65.00769185258002, 50.635955604688654, 78.0, 101.20276676059801, 88.0056816347672, 70.02856560004639, 53.009433122794285, 22.47220505424423, 31.827660925679098, 46.389654018972806, 88.09086218218096, 66.27216610312357, 99.98499887483122, 79.05694150420949, 60.207972893961475, 17.0, 30.805843601498726, 92.04890004774636, 67.20119046564577, 75.0066663703967, 99.50376877284599, 25.495097567963924, 62.00806399170998, 70.49113419430843, 84.59905436823747, 13.038404810405298, 91.0, 99.50376877284599, 37.36308338453881, 80.39900496896712, 43.46262762420146, 38.47076812334269, 80.65358020571685, 18.681541692269406, 100.44899203078147, 57.0701322935211, 93.74433316206373, 78.40918313565064, 46.51881339845203, 41.10960958218893, 16.76305461424021, 88.2779700718135, 70.76722405181653, 47.265209192385896, 110.46266337545913, 41.30375285612676, 21.02379604162864, 92.77930803794561, 22.47220505424423, 70.178344238091, 49.76946855251722, 34.058772731852805, 59.36328831862332, 51.24451190127583, 72.0, 99.72462083156798, 66.91038783328041, 82.21921916437786, 42.05948168962618, 42.638011210655684, 47.43416490252569, 15.0, 23.600847442411894, 104.27847332982968, 72.03471385380801, 20.518284528683193, 37.36308338453881, 54.0, 99.72462083156798], [23.769728648009426, 42.720018726587654, 91.00549433962765, 43.73785545725808, 34.713109915419565, 59.413803110051795, 104.35516278555652, 52.15361924162119, 84.02380615040002, 24.041630560342615, 99.84988733093293, 78.05767098754612, 90.0499861188218, 101.41498903022176, 38.0, 46.400431032480725, 90.95603333479313, 46.09772228646444, 100.80674580602232, 91.0, 29.154759474226502, 52.0, 82.86132994346639, 28.861739379323623, 66.21933252457322, 62.20128616033595, 100.44899203078147, 95.13148795220224, 42.01190307520001, 100.2845950283492, 54.037024344425184, 85.28774824088158, 79.05694150420949, 85.14693182963201, 65.00769185258002, 99.50376877284599, 16.278820596099706, 72.0, 45.880278987817846, 33.06055050963308, 99.24716620639605, 65.06919393998976, 37.05401462729781, 82.54089895318563, 59.464274989274024, 71.84705978674423, 66.94027188471824, 95.02105029939419, 50.92150822589606, 63.56099432828282, 52.23983154643591, 89.28605714219886, 50.00999900019995, 68.3593446428504, 77.87810988975015, 88.2779700718135, 68.11754546370561, 86.02325267042627, 38.0, 67.47592163134935, 62.96824596572466, 90.19977827023745, 89.73850901368932, 21.540659228538015, 99.40824915468535, 41.0, 91.00549433962765, 11.704699910719626, 53.009433122794285, 60.00833275470999, 101.6366075781753, 63.198101237299845, 69.1158447825099, 98.73196037757987, 103.3537614216338, 61.1310068623117, 91.44397191723465, 73.7360156233031, 104.67568963231147, 59.033888572581766, 17.029386365926403, 90.09439494219383, 74.54528824815154, 44.40720662234904, 15.524174696260024, 46.32493928760188, 100.62305898749054, 28.635642126552707, 102.1077861869505, 82.02438661763951, 59.22837157984339, 59.135437767890075, 54.589376255824725, 44.553338819890925, 76.0, 103.4456378974, 54.230987451824994, 25.019992006393608, 49.09175083453431, 72.0], [42.01190307520001, 48.507731342539614, 99.18165152889924, 34.0147027033899, 29.410882339705484, 19.1049731745428, 48.25971404805462, 31.400636936215164, 37.21558813185679, 50.08991914547278, 11.40175425099138, 85.0235261559999, 99.84988733093293, 55.14526271584895, 98.03060746521976, 96.18731725128839, 79.00632886041473, 24.351591323771842, 94.76286192385707, 99.18165152889924, 32.01562118716424, 75.69015788066504, 93.7709976485267, 99.12618221237011, 100.57832768544127, 38.91015291668744, 56.859475903318, 99.72462083156798, 49.36598018878993, 47.38143096192854, 104.04326023342406, 56.88585061331157, 59.53990258641679, 99.18165152889924, 103.81233067415451, 42.42640687119285, 28.442925306655784, 99.18165152889924, 86.09297300012354, 68.09552114493287, 20.024984394500787, 98.18350166906862, 89.05054744357274, 18.788294228055936, 66.18912297349165, 14.142135623730951, 30.364452901377952, 66.0, 8.54400374531753, 99.32270636667126, 88.68483523128404, 50.00999900019995, 20.024984394500787, 87.00574693662483, 79.20227269466452, 95.00526301210897, 71.386273190299, 48.507731342539614, 88.09086218218096, 73.02739212103907, 100.62305898749054, 19.209372712298546, 94.19129471453293, 56.00892785976178, 37.656340767525464, 34.17601498127012, 99.14131328563285, 58.42088667591412, 17.029386365926403, 29.698484809834994, 74.00675644831355, 91.21951545584969, 99.00505037623081, 83.18653737234169, 20.024984394500787, 104.4030650891055, 57.42821606144492, 29.154759474226502, 99.04544411531506, 62.289646009589745, 6.324555320336759, 81.46778504415104, 19.697715603592208, 83.72574275573791, 99.40824915468535, 99.32270636667126, 10.295630140987, 92.41753080449618, 56.08029957123981, 99.00505037623081, 78.10249675906654, 8.06225774829855, 52.03844732503075, 35.0, 78.16009211867653, 81.74350127074322, 72.02777242147643, 99.12618221237011, 40.44749683231337, 17.4928556845359], [79.00632886041473, 77.05841939723393, 25.45584412271571, 35.17101079013795, 32.7566787083184, 61.61168720299745, 65.14598989960932, 74.09453421137081, 95.524865872714, 28.284271247461902, 18.35755975068582, 71.02816342831905, 100.12991560967181, 107.54068997360952, 99.84988733093293, 94.04786015641186, 71.34423592694787, 51.03920062069938, 45.09988913511872, 121.82774724995944, 45.09988913511872, 99.08077512817509, 33.24154027718932, 56.568542494923804, 52.354560450833695, 78.05767098754612, 90.13878188659973, 98.12746812182611, 48.25971404805462, 93.04837451562494, 81.00617260431454, 89.02246907382428, 100.80674580602232, 61.29437168288782, 50.0, 63.631753079732135, 63.00793600809346, 91.35097153287424, 95.00526301210897, 51.35172830587107, 65.30696746902278, 62.07253821135398, 80.00624975587844, 42.720018726587654, 18.439088914585774, 73.17103251970687, 43.41658669218482, 54.147945482723536, 98.04590761474952, 105.00476179678711, 83.02409288875127, 8.54400374531753, 46.0, 55.94640292279746, 92.41753080449618, 35.73513677041127, 34.52535300326414, 45.803929962395145, 41.43669871020132, 45.17742799230607, 35.35533905932738, 13.038404810405298, 94.04786015641186, 22.090722034374522, 69.2314957226839, 53.36665625650534, 98.0, 36.40054944640259, 102.35721762533407, 101.0, 99.12618221237011, 99.40824915468535, 20.8806130178211, 59.53990258641679, 87.29833904490967, 65.80273550544841, 99.04544411531506, 74.06078584514209, 60.530983801686226, 64.03124237432849, 54.74486277268398, 65.12296062065974, 99.08077512817509, 99.08077512817509, 99.32270636667126, 39.56008088970496, 34.132096331752024, 81.49846624323675, 22.360679774997898, 52.15361924162119, 67.97793759742936, 100.62305898749054, 38.118237105091836, 18.0, 99.32270636667126, 50.48762224545735, 81.09870529176159, 100.80674580602232, 25.612496949731394, 9.055385138137417]]